5024,5025,5031,5042,5053
5030,5041,5052
5016,5027,5038,5049
5052,5041,5030,5019,5013,5012,5011
5030,5019,5008,5002,5001
5028,5017,5006
5029,5018,5007,5001
5031,5020,5009,5003,5002,5001
5049,5038,5027,5016,5005
5043,5032,5021,5015,5014,5013,5012
5051,5040,5029,5018,5007,5001
5029,5040,5051
5029,5018,5007,5001
5053,5042,5031,5020,5015
5025,5026,5032,5043,5054
5000,5001,5002,5008,5019,5030,5041
5030,5019,5008,5002,5001,5000
5012,5017,5028,5039,5050
5027,5038,5049
5024,5025,5031,5042,5053
5040,5029,5018,5007,5002,5003
5015,5020,5031,5042,5053
5003,5004,5010,5021,5032,5043
5029,5018,5007,5001
5038,5027,5016,5005,5000,5001,5002,5003
5053,5042,5031,5025
5039,5028,5017,5011
5032,5043,5054
5003,5009,5020,5031,5042,5053
5032,5043,5054
5039,5028,5017,5006
5050,5039,5028,5017,5006,5001,5002,5003
5012,5013,5019,5030,5041,5052
5051,5040,5029,5018,5007,5002,5003,5004
5001,5002,5003,5009,5020,5031
5005,5016,5027
5011,5017,5028,5039,5050
5027,5016,5005
5053,5042,5031,5020,5009,5004
5015,5021,5032,5043,5054
5049,5038,5027,5016,5005,5000,5001,5002,5003,5004
5030,5041,5052
5049,5038,5027,5016,5011,5012
5040,5029,5018
5031,5020,5009,5003,5002,5001
5001,5002,5003,5009,5020,5031,5042
5030,5019,5008,5002,5001,5000
5030,5041,5052
5005,5016,5027,5038,5049
5003,5009,5020,5031
5024,5030,5041,5052
5013,5014,5015,5021,5032,5043
5028,5039,5050
5013,5014,5015,5021,5032,5043
5012,5013,5014,5020,5031,5042,5053
5001,5002,5008,5019,5030
5025,5031,5042,5053
5049,5038,5027,5016,5011,5012,5013
5032,5021,5010,5004,5003
5003,5009,5020,5031,5042
5023,5024,5025,5026,5032,5043,5054
5015,5014,5019,5030,5041,5052
5008,5019,5030
5022,5023,5029,5040,5051
5031,5020,5009,5003,5002,5001,5000
5001,5000,5005,5016,5027,5038,5049
5053,5042,5031,5020,5014,5013,5012,5011
5032,5043,5054
5004,5003,5002,5007,5018,5029,5040,5051
5012,5017,5028,5039,5050
5025,5026,5032,5043,5054
5053,5042,5031,5025
5052,5041,5030,5019,5008,5002,5001
5031,5020,5009,5003,5002,5001
5051,5040,5029,5023
5026,5032,5043,5054
5051,5040,5029,5018,5007,5001
5007,5018,5029,5040
5001,5006,5017,5028,5039,5050
5024,5030,5041,5052
5032,5021,5010,5004,5003,5002,5001
5013,5019,5030,5041
5040,5029,5018,5007,5001,5000
5054,5043,5032,5021,5010
5014,5015,5021,5032,5043
5052,5041,5030,5019,5014,5015
5038,5027,5016,5005,5000,5001
5029,5018,5007,5001,5000
5032,5043,5054
5030,5019,5008,5002
5003,5009,5020,5031
5053,5042,5031,5020,5009
5040,5029,5018,5012,5011
5027,5016,5005
5030,5019,5008
5032,5021,5010
5052,5041,5030,5024,5023
5023,5024,5025,5031,5042,5053
5021,5032,5043
5054,5043,5032,5021
5028,5039,5050
5011,5016,5027,5038,5049
5028,5017,5006
5000,5001,5002,5003,5004,5010,5021,5032,5043,5054
5018,5029,5040,5051
5025,5026,5032,5043,5054
5039,5028,5017,5011
5003,5002,5007,5018,5029,5040,5051
5038,5027,5016
5028,5039,5050
5015,5021,5032,5043
5050,5039,5028,5017,5012,5013
5026,5032,5043,5054
5038,5027,5016,5005,5000,5001,5002,5003
5011,5012,5013,5014,5015,5021,5032,5043
5006,5017,5028,5039
5041,5030,5019,5008,5002,5001
5023,5029,5040,5051
5011,5017,5028,5039
5039,5028,5017,5006,5000
5028,5017,5006
5051,5040,5029,5018,5012,5011
5011,5016,5027,5038,5049
5053,5042,5031,5020
5041,5030,5019,5008,5003
5014,5020,5031,5042,5053
5009,5020,5031,5042,5053
5028,5017,5006
